2
4
5
7
9
10
11
12
13
15
16
17
18
19
20
22
23
26
27
29
30
31
32
33
34
35
38
39
40
41
42
43
44
45
46
47
48
52
53
54
58
59
60
61
62
64
65
66
67
69
70
72
73
75
76
77
78
83
84
85
88
89
91
92
96
98
99
100
101
102
103
104
105
108
109
110
111
112
113
115
116
117
118
119
120
122
124
125
126
127
128
130
132
133
134
137
139
140
141
145
146
149
150
151
152
153
154
155
156
157
158
159
160
161
163
164
165
166
168
171
173
174
175
177
178
180
182
184
186
187
188
189
191
195
196
198
199
201
202
203
204
205
206
207
208
209
210
211
213
215
216
218
220
221
222
223
224
225
228
229
230
231
232
233
234
236
239
240
241
242
243
244
245
247
249
250
254
255
256
257
258
259
261
263
265
266
267
269
270
272
274
275
276
278
281
282
283
285
287
288
289
291
292
294
295
296
297
298
299
300
301
302
305
306
307
308
310
312
314
315
317
319
320
324
325
327
328
329
331
332
335
336
337
338
340
341
343
344
345
346
351
352
355
357
358
360
363
365
366
367
370
371
372
373
375
376
377
378
383
385
387
388
389
391
392
394
397
399
401
403
405
406
408
410
412
413
414
415
416
417
418
419
420
421
423
425
427
429
433
434
435
437
438
440
441
442
444
445
447
449
450
451
454
455
457
459
460
461
462
463
464
465
467
468
470
472
473
474
475
476
477
478
480
481
483
485
486
488
489
490
491
492
493
494
495
496
497
498
499
501
503
504